S,2046,3034,4
S,2046,3035,4
S,2046,3034,3
S,2047,3034,3
S,2046,3034,3
S,2047,3034,3
S,2046,3034,3
S,2047,3034,3
S,2047,3034,3
S,2047,3034,3
S,2047,3034,3
S,2046,3034,3
S,2046,3034,3
S,2047,3035,3
S,2046,3034,3
S,2047,3034,3
S,2047,3034,3
S,2047,3034,3
S,2046,3034,3
S,2047,3034,3
S,2047,3034,3
S,2047,3034,3
S,2046,3034,3
S,2046,3034,3
S,2047,3034,3
S,2046,3034,3
S,2046,3034,3
S,2046,3035,3
S,2046,3034,3
S,2046,3035,3
S,2046,3034,3
S,2047,3035,3
S,2046,3034,3
S,2046,3034,3
S,2047,3034,3
S,2047,3035,3
S,2046,3035,3
S,2046,3034,3
S,2046,3034,3
S,2046,3034,3
S,2047,3034,3
S,2046,3034,3
S,2047,3035,3
S,2047,3034,3
S,2046,3034,3
S,2044,3035,3
S,2044,3034,3
S,2045,3034,3
S,2045,3034,3
S,2045,3034,3
S,2045,3035,3
S,2045,3034,3
S,2045,3034,3
S,2047,3034,3
S,2048,3034,3
S,2047,3034,3
S,2047,3034,3
S,2047,3034,3
S,2047,3034,3
S,2047,3035,3
S,2046,3034,3
S,2043,3034,3
S,2044,3034,3
S,2045,3035,3
S,2045,3034,3
S,2045,3034,3
S,2045,3034,3
S,2045,3034,3
S,2045,3034,3
S,2045,3034,3
S,2045,3035,3
S,2046,3034,3
S,2045,3035,3
S,2045,3034,3
S,2045,3034,3
S,2045,3034,3
S,2045,3034,3
S,2046,3034,3
S,2048,3034,3
S,2048,3034,3
S,2047,3034,3
S,2046,3034,3
S,2044,3035,3
S,2044,3034,3
S,2045,3034,3
S,2045,3034,3
S,2045,3034,3
S,2045,3034,3
S,2045,3034,3
S,2045,3034,3
S,2045,3034,3
S,2045,3034,3
S,2045,3034,3
S,2045,3034,3
S,2045,3034,3
S,2046,3034,3
S,2046,3034,3
S,2045,3035,3
S,2045,3034,3
S,2045,3034,3
S,2045,3034,3
S,2044,3034,3
S,2045,3034,3
S,2045,3035,3
S,2045,3035,3
S,2045,3034,3
S,2045,3035,3
S,2045,3034,3
S,2045,3034,3
S,2045,3034,3
S,2045,3034,3
S,2045,3034,3
S,2045,3034,3
S,2044,3034,3
S,2045,3034,3
S,2045,3034,3
S,2045,3034,3
S,2045,3034,3
S,2045,3034,3
S,2044,3035,3
S,2045,3034,3
S,2045,3035,3
S,2046,3034,3
S,2046,3034,3
S,2045,3035,3
S,2045,3034,3
S,2045,3034,3
S,2045,3035,3
S,2045,3034,3
S,2045,3034,3
S,2044,3034,3
S,2045,3034,3
S,2045,3034,3
S,2045,3035,3
S,2045,3035,3
S,2045,3034,3
S,2045,3034,3
S,2045,
S,2045,3034,3
S,2045,3034,4
S,2045,3033,4
S,2045,3029,4
S,2045,3025,4
S,2045,3020,4
S,2045,3014,4
S,2045,3008,4
S,2045,3002,4
S,2045,2996,4
S,2045,2989,4
S,2045,2983,4
S,2045,2977,4
S,2045,2971,4
S,2045,2964,4
S,2045,2956,4
S,2045,2950,4
S,2045,2944,4
S,2045,2938,4
S,2045,2931,4
S,2045,2925,4
S,2045,2919,4
S,2045,2911,4
S,2045,2906,4
S,2045,2899,4
S,2045,2893,4
S,2045,2887,4
S,2045,2881,4
S,2045,2875,4
S,2045,2868,4
S,2045,2862,4
S,2045,2856,4
S,2045,2849,4
S,2045,2843,4
S,2045,2836,4
S,2045,2830,4
S,2045,2824,4
S,2045,2818,4
S,2045,2812,4
S,2045,2805,4
S,2045,2799,4
S,2045,2793,4
S,2045,2787,4
S,2046,2779,4
S,2045,2773,4
S,2045,2766,4
S,2045,2761,4
S,2046,2754,4
S,2046,2748,4
S,2046,2742,4
S,2046,2734,4
S,2046,2728,4
S,2046,2722,4
S,2046,2716,4
S,2046,2710,4
S,2046,2702,4
S,2046,2696,4
S,2046,2689,4
S,2046,2683,4
S,2046,2677,4
S,2047,2670,4
S,2046,2663,4
S,2047,2657,4
S,2047,2651,4
S,2047,2645,4
S,2047,2638,4
S,2047,2632,4
S,2047,2625,4
S,2047,2619,4
S,2047,2613,4
S,2047,2606,4
S,2047,2600,4
S,2047,2593,4
S,2047,2586,4
S,2046,2580,4
S,2047,2574,4
S,2046,2568,4
S,2047,2561,4
S,2046,2555,4
S,2046,2549,4
S,2046,2542,4
S,2047,2536,4
S,2046,2530,4
S,2046,2523,4
S,2046,2517,4
S,2047,2510,4
S,2047,2504,4
S,2047,2497,4
S,2046,2491,4
S,2046,2485,4
S,2046,2478,4
S,2046,2471,4
S,2046,2465,4
S,2047,2459,4
S,2046,2453,4
S,2046,2445,4
S,2047,2439,4
S,2047,2433,4
S,2047,2427,4
S,2046,2420,4
S,2046,2414,4
S,2046,2407,4
S,2046,2402,4
S,2046,2394,4
S,2046,2388,4
S,2046,2382,4
S,2045,2375,4
S,2045,2370,4
S,2046,2363,4
S,2047,2357,4
S,2046,2350,4
S,2045,2343,4
S,2045,2335,4
S,2046,2330,4
S,2045,2323,4
S,2046,2318,4
S,2046,2311,4
S,2046,2305,4
S,2046,2299,4
S,2046,2293,4
S,2046,2287,4
S,2046,2280,4
S,2046,2274,4
S,2046,2267,4
S,2046,2260,4
S,2046,2254,4
S,2046,2247,4
S,2046,2241,4
S,2046,2236,4
S,2046,2233,4
S,2046,2231,4
S,2046,2231,4
S,2046,2231,4
S,2046,2230,4
S,2046,2230,4
S,2046,2230,4
S,2046,2230,4
S,2046,2230,4
S,2046,2230,4
S,2046,2230,4
S,2047,2230,4
S,2046,2230,4
S,2046,2230,4
S,2046,2230,4
S,2046,2230,4
S,2046,2230,4
S,2046,2230,4
S,2046,2230,4
S,2046,2230,4
S,2046,2230,4
S,2046,2230,4
S,2046,2230,4
S,2046,2230,4
S,2046,2230,4
S,2046,2230,4
S,2046,2230,4
S,2046,2230,4
S,2046,2230,4
S,2046,2230,4
S,2046,2230,4
S,2046,2230,4
S,2046,2230,4
S,2047,2230,4
S,2046,2230,4
S,2046,2230,4
S,2046,2230,4
S,2046,2230,4
S,2046,2230,4
S,2046,2230,4
S,2046,2230,4
S,2046,2230,4
S,2046,2230,4
S,2046,2230,4
S,2046,2230,4
S,2046,2230,4
S,2046,2230,4
S,2046,2230,4
S,2046,2230,4
S,2043,2230,4
S,2047,2230,4
S,2047,2230,4
S,2047,2230,4
S,2047,2230,4
S,2047,2230,4
S,2047,2230,4
S,2046,2230,4
S,2047,2230,4
S,2046,2230,4
S,2047,2230,4
S,2046,2230,4
S,2046,2230,4
S,2045,2230,4
S,2044,2230,4
S,2046,2230,4
S,2047,2230,4
S,2047,2230,4
S,2047,2230,4
S,2046,2230,4
S,2047,2230,4
S,2047,2230,4
S,2046,2230,4
S,2046,2230,4
