S,2303,2701,0
S,2302,2702,0
S,2301,2701,0
S,2299,2702,0
S,2297,2701,0
S,2298,2701,0
S,2299,2702,0
S,2299,2701,0
S,2299,2702,0
S,2299,2702,0
S,2298,2701,0
S,2299,2702,0
S,2299,2702,0
S,2299,2702,0
S,2299,2702,0
S,2299,2702,0
S,2299,2702,0
S,2299,2702,0
S,2299,2702,0
S,2299,2702,0
S,2299,2702,0
S,2303,2702,0
S,2302,2702,3
S,2302,2705,3
S,2302,2705,3
S,2302,2705,3
S,2302,2705,3
S,2302,2705,3
S,2303,2705,3
S,2302,2705,3
S,2302,2705,3
S,2302,2705,3
S,2302,2705,3
S,2302,2705,3
S,2303,2705,3
S,2302,2705,3
S,2303,2705,3
S,2303,2705,3
S,2303,2705,3
S,2303,2703,3
S,2303,2703,3
S,2303,2703,3
S,2303,2703,3
S,2303,2703,3
S,2303,2703,3
S,2303,2703,3
S,2303,2703,3
S,2301,2703,3
S,2299,2705,3
S,2299,2703,3
S,2300,2703,3
S,2300,2705,3
S,2301,2703,3
S,2300,2703,3
S,2300,2703,3
S,2301,2703,3
S,2301,2703,3
S,2301,2703,3
S,2300,2703,3
S,2301,2703,3
S,2301,2703,3
S,2300,2703,3
S,2301,2703,3
S,2300,2703,3
S,2301,2703,3
S,2301,2703,3
S,2301,2702,3
S,2301,2701,3
S,2301,2701,3
S,2304,2703,3
S,2304,2703,3
S,2303,2703,3
S,2303,2703,3
S,2303,2703,3
S,2302,2705,3
S,2302,2705,3
S,2302,2703,3
S,2301,2703,3
S,2301,2703,3
S,2303,2703,3
S,2302,2703,3
S,2302,2703,3
S,2302,2703,3
S,2301,2705,3
S,2300,2703,3
S,2301,2703,3
S,2303,2703,3
S,2303,2705,3
S,2302,2703,3
S,2302,2703,3
S,2302,2703,3
S,2302,2703,3
S,2302,2703,3
S,2302,2703,3
S,2302,2703,3
S,2302,2703,3
S,2302,2703,3
S,2302,2705,3
S,2302,2703,3
S,2302,2703,3
S,2302,2703,3
S,2302,2705,3
S,2303,2703,3
S,2302,2703,3
S,2303,2703,3
S,2302,2703,3
S,2303,2703,3
S,2302,2703,3
S,2303,2703,3
S,2302,2703,3
S,2302,2703,3
S,2302,2703,3
S,2302,2703,3
S,2303,2703,3
S,2302,2703,3
S,2302,2703,3
S,2303,2703,3
S,2303,2703,3
S,2302,2703,3
S,2302,2703,3
S,2302,2703,3
S,2302,2703,3
S,2302,2703,3
S,2303,2703,3
S,2302,2703,3
S,2302,2705,3
S,2302,2703,3
S,2302,2703,3
S,2302,2703,3
S,2302,2703,3
S,2302,2703,3
S,2302,2703,3
S,2302,2703,3
S,2303,2705,3
S,2302,2703,3
S,2303,2703,3
S,2302,2703,3
S,2302,
S,2302,2703,3
S,2302,2703,4
S,2301,2705,4
S,2297,2708,4
S,2292,2713,4
S,2287,2717,4
S,2282,2723,4
S,2276,2729,4
S,2270,2734,4
S,2263,2742,4
S,2257,2748,4
S,2251,2754,4
S,2245,2761,4
S,2239,2767,4
S,2232,2773,4
S,2226,2779,4
S,2220,2787,4
S,2214,2793,4
S,2208,2799,4
S,2202,2806,4
S,2196,2812,4
S,2190,2817,4
S,2183,2824,4
S,2177,2830,4
S,2171,2837,4
S,2164,2843,4
S,2157,2849,4
S,2151,2855,4
S,2145,2861,4
S,2138,2868,4
S,2131,2874,4
S,2125,2880,4
S,2117,2887,4
S,2111,2893,4
S,2105,2899,4
S,2099,2905,4
S,2094,2913,4
S,2088,2919,4
S,2081,2925,4
S,2075,2931,4
S,2069,2938,4
S,2064,2944,4
S,2057,2951,4
S,2052,2957,4
S,2048,2964,4
S,2045,2970,4
S,2045,2977,4
S,2046,2983,4
S,2047,2989,4
S,2048,2996,4
S,2048,3002,4
S,2047,3008,4
S,2047,3015,4
S,2047,3021,4
S,2046,3026,4
S,2047,3030,4
S,2047,3032,4
S,2047,3032,4
S,2047,3033,4
S,2046,3032,4
S,2046,3033,4
S,2047,3033,4
S,2047,3033,4
S,2047,3033,4
S,2046,3033,4
S,2046,3033,4
S,2046,3033,4
S,2046,3033,4
S,2047,3034,4
S,2046,3033,4
S,2047,3034,4
S,2046,3034,4
S,2046,3034,4
S,2046,3033,4
S,2046,3033,4
S,2046,3034,4
S,2046,3033,4
S,2046,3034,4
S,2047,3034,4
S,2046,3034,4
S,2047,3034,4
S,2046,3034,4
S,2046,3034,4
S,2046,3034,4
S,2047,3034,4
S,2046,3034,4
S,2047,3034,4
S,2047,3034,4
S,2046,3034,4
S,2047,3034,4
S,2046,3034,4
S,2047,3034,4
S,2046,3034,4
S,2046,3034,4
S,2046,3034,4
S,2046,3034,4
S,2046,3034,4
S,2046,3034,4
S,2046,3034,4
S,2046,3035,4
S,2046,3034,4
S,2046,3034,4
S,2047,3034,4
S,2046,3034,4
S,2046,3034,4
S,2046,3034,4
S,2046,3034,4
S,2047,3034,4
S,2046,3034,4
S,2046,3035,4
S,2047,3034,4
S,2045,3034,4
S,2046,3034,4
S,2046,3034,4
S,2047,3034,4
S,2047,3034,4
S,2046,3034,4
S,2043,3034,4
S,2044,3034,4
S,2045,3034,4
S,2045,3034,4
S,2045,3035,4
S,2045,3034,4
S,2044,3034,4
S,2045,3034,4
S,2048,3034,4
S,2048,3034,4
S,2047,3034,4
S,2045,3034,4
S,2043,3035,4
S,2045,3034,4
S,2047,3034,4
S,2048,3034,4
S,2047,3034,4
S,2046,3034,4
S,2044,3034,4
S,2045,3034,4
S,2049,3034,4
S,2047,3034,4
S,2047,3035,4
S,2047,3034,4
S,2047,3034,4
S,2047,3035,4
S,2047,3034,4
S,2047,3034,4
S,2044,3034,4
S,2043,3034,4
S,2047,3034,4
S,2048,3034,4
S,2046,3035,4
S,2045,3034,4
S,2046,3034,4
S,2047,3034,4
S,2047,3034,4
S,2046,3034,4
S,2047,3034,4
S,2047,3034,4
S,2047,3035,4
S,2047,3035,4
S,2047,3034,4
S,2047,3034,4
S,2047,3034,4
S,2047,3034,4
S,2047,3034,4
S,2047,3034,4
S,2047,3034,4
S,2047,3035,4
S,2047,3034,4
S,2047,3034,4
S,2047,3035,4
S,2047,3034,4
S,2046,3034,4
S,2047,3034,4
S,2046,3034,4
S,2047,3034,4
S,2046,3034,4
S,2047,3034,4
S,2047,3034,4
S,2046,3034,4
S,2047,3034,4
S,2046,3034,4
S,2047,3034,4
S,2047,3034,4
S,2046,3034,4
S,2047,3034,4
S,2047,3034,4
S,2046,3034,4
S,2047,3034,4
S,2046,3034,4
S,2046,3034,4
S,2046,3034,4
S,2046,3034,4
S,2046,3034,4
S,2046,3035,4
S,2046,3035,4
S,2047,3034,4
S,2046,3034,4
S,2047,3034,4
S,2046,3034,4
S,2047,3034,4
S,2046,3034,4
S,2046,3034,4
